72.33333333333333
55.0
50.333333333333336
65.66666666666667
72.66666666666667
52.666666666666664
60.666666666666664
64.0
59.666666666666664
61.666666666666664
48.333333333333336
73.66666666666667
42.333333333333336
49.0
77.33333333333333
77.0
75.33333333333333
76.33333333333333
80.66666666666667
62.0
75.33333333333333
59.333333333333336
76.33333333333333
56.333333333333336
76.33333333333333
75.66666666666667
85.0
73.0
71.66666666666667
45.0
66.0
66.0
45.666666666666664
44.0
61.333333333333336
70.33333333333333
75.66666666666667
73.66666666666667
65.0
49.333333333333336
69.66666666666667
47.0
40.333333333333336
78.33333333333333
79.33333333333333
52.333333333333336
68.66666666666667
86.66666666666667
76.0
75.0
46.666666666666664
67.33333333333333
68.0
61.666666666666664
57.333333333333336
75.0
82.0
40.333333333333336
61.666666666666664
45.666666666666664
58.0
66.66666666666667
65.66666666666667
45.333333333333336
70.0
63.333333333333336
57.333333333333336
61.333333333333336
34.333333333333336
72.66666666666667
66.33333333333333
53.666666666666664
77.0
82.0
36.0
54.333333333333336
65.0
57.333333333333336
48.0
62.666666666666664
58.333333333333336
58.0
45.333333333333336
64.66666666666667
45.666666666666664
85.66666666666667
63.333333333333336
63.333333333333336
82.0
60.333333333333336
63.666666666666664
52.0
78.33333333333333
43.333333333333336
69.66666666666667
47.0
71.33333333333333
42.0
43.333333333333336
82.33333333333333
39.0
42.333333333333336
66.66666666666667
84.33333333333333
70.33333333333333
72.0
72.33333333333333
92.0
47.666666666666664
62.333333333333336
54.0
80.66666666666667
61.339285714285715 63.8125 64.14285714285714 